inherited Form1_NmXhdpiPh: TForm1_NmXhdpiPh
  ClientHeight = 615
  ClientWidth = 400
  DesignerMasterStyle = 3
  inherited Button4: TButton
    Position.Y = 527.000000000000000000
    Size.Width = 260.000000000000000000
  end
  inherited Memo1: TMemo
    Position.Y = 208.000000000000000000
    Size.Width = 326.000000000000000000
    Size.Height = 185.000000000000000000
    Viewport.Width = 326.000000000000000000
    Viewport.Height = 185.000000000000000000
  end
  inherited Label1: TLabel
    Position.Y = 400.000000000000000000
    Size.Width = 236.000000000000000000
    Size.Height = 64.000000000000000000
  end
  inherited Label2: TLabel
    Position.Y = 88.000000000000000000
    Size.Width = 297.000000000000000000
    Size.Height = 81.000000000000000000
  end
end
